开始时间
结束时间
周期
省份
地市
厂家
网元版本
网元设备名称
117491112
117491127
117491113
117491128
117491129
117491142
117491143
117491144
117491114
117491130
117491171
117491175
117491115
117491131
117491172
117491176
117491117
117491133
117491173
117491177
117491174
117491178
117495952
117495912
117495953
117495913
117498113
117498114
117498117
117498118
117498119
117498115
117498116
117499712
117499713
117491812
117491815
117491813
117491312
117491327
117491342
117491357
117491372
117491391
117491412
117491427
117491443
117491463
117491313
117491328
117491343
117491358
117491392
117491393
117491413
117491428
117491444
117491445
117491464
117491465