开始时间
结束时间
周期
省份
地市
厂家
网元版本
网元设备名称
117495952
117491327
117491177
117491172
117491129
117491428
117491312
117491178
117491174
117491812
117491463
117491173
117491815
117491113
117491357
117491131
117495912
117491115
117499713
117495953
117491114
117498113
117491358
117491392
117491117
117491133
117491444
117499712
117491171
117491176
117491813
117491465
117491313
117491143
117491412
117491142
117495913
117491443
117491464
117491445
117491130
117491413
117491328
117491393
117491391
117491342
117491127
117491144
117491372
117491343
117491427
117491128
117491175
117491112
117498114
