开始时间
结束时间
周期
省份
地市
厂家
基站名称
小区名称（userlabel）
ECGI
1526726657
1526726659
1526727545
1526727544
1526726668
1526726669
1526726670
1526726671
1526728856
1526728838
1526728227
1526728858
1526728851
1526730538
1526727255
1526727258
1526730548
1526730550
1526730536
1526728797
1526728319
1526728247
1526728817
1526728245
1526728788
1526728818
1526730539
1526727326
1526728789
1526728819
1526730540
1526727327
1526727001
1526727004
1526727264
1526727267
1526727003
1526727006
1526727266
1526727269
1526728906
1526728907
1526728904
1526728905
1526726996
1526726999
1526726997
1526727000
1526728902
1526728903
1526727907
1526727908
1526728762
1526730557
1526730559
1526728763
1526728433
1526730558
1526728259
1526728261
1526728262
1526728975
1526728976
1526728764
1526726740
1526728303
1526728304
1526728305
1526728765
1526727378
1526727379
1526728455
1526730600
1526728445
1526730610
1526728260