开始时间
结束时间
周期
省份
地市
厂家
网元版本
网元设备名称
335655491
335655492
335655519
335655520
335655576
335655577
335655581
335655582
335663520
335663522
335672964
335672965
335673252
335673253
335673254
335673255
335673256
335673257
335673258
335673259
335673260
335673261
335672980
335672991
335673005
335673009
335673010
335673262
335673263
335673264
335673265
335673266
335673267
335673268
335673269
335673270
335673271
335673025
335673036
335673250
335663620
335663622
335673064
335673065
335673122
335673123
335673124
335673125
335673126
335673127
335673128
335673129
335673130
335673131
335673070
335673071
335673075
335673079
335673080
335673132
335673133
335673134
335673135
335673136
335673137
335673138
335673139
335673140
335673141
335673085
335673086
335673120
335672721
335672722
335672951
335673051
335672621
335672450