开始时间
结束时间
周期
省份
地市
厂家
基站名称
小区名称（userlabel）
ECGI
1526726657
1526726659
1526726668
1526726669
1526726670
1526726671
1526728788
1526728818
1526730539
1526737848
1526727326
1526728808
1526728789
1526728819
1526730540
1526727327
1526728809
1526726992
1526726994
1526729535
1526729536
1526737688
1526737689
1526729541
1526729542
1526737692
1526737693
1526737694
1526737695
1526737698
1526737699
1526729529
1526729530
1526729532
1526729533
1526737696
1526737697
1526741632
1526741633
1526741635
1526741636
1526741639
1526741640
1526741637
1526741638
1526741642
1526741643
1526741644
1526741645
1526741651
1526741652
1526741648
1526741649
1526741654
1526741655
1526727907
1526727889
1526726833
1526727934
1526728762
1526730557
1526730559
1526737871
1526728433
1526730558
1526728259
1526728261
1526728425
1526729004
1526728424
1526729003
1526728260
1526728262
1526737851
1526737852
1526727378
1526727379
1526728303
1526728304
1526728305
1526728765
1526729538
1526729539